ACCOUNT_ID_1=0.0.4942617
PRIVATE_KEY_1=0xb523df79ef454be2e798517e56c7894f33e51a786c4a788171dfb81e9d007d87

HASH_SECRET_KEY = q1w2e3@sy

DEPLOYED_ASSET_CONTRACT_ID=0.0.5450440
DEPLOYED_PROJECT_CONTRACT_ID=0.0.5419896
DEPLOYED_SOULBOUND_CONTRACT_ID=0.0.5670865
DEPLOYED_VALUATION_CONTRACT_ID=0.0.5667474